489
811
186
582
963
883
991
65
252
410
742
543
77
943
29
931
821
593
524
197
760
756
554
666
912
483
5
35
848
322
15
300
646
833
903
83
102
213
583
258
444
904
966
353
434
774
10
625
384
929
515
330
880
981
401
888
773
431
491
77
425
39
526
647
513
807
283
675
65
542
692
917
684
560
619
852
472
613
123
707
599
498
766
46
301
16
695
738
761
958
164
52
257
871
141
847
684
283
691
645
502
811
886
315
247
720
468
492
689
345
721
773
123
542
869
254
313
927
173
42
1000
203
587
654
561
459
949
820
38
460
849
704
314
563
143
574
904
739
125
385
378
91
285
941
103
375
1
270
987
149
839
733
171
460
304
547
499
511
664
979
824
366
334
574
139
499
718
387
401
675
1000
41
110
406
462
915
727
867
108
171
318
968
840
540
150
706
807
514
386
844
265
475
621
671
633
68
297
370
31
310
850
937
932
417
243
88
1
670
301
733
755
352
108
390
92
484
213
623
503
313
744
756
65
32
361
598
577
378
739
693
859
435
478
530
972
315
169
961
185
877
766
828
322
615
5
509
417
154
35
903
617
433
738
854
78
616
283
395
987
581
545
848
11
652
304
301
89
781
114
457
793
284
406
150
302
731
319
566
399
711
814
580
190
409
235
269
126
873
615
601
743
869
753
724
878
878
746
264
253
952
759
282
98
903
728
112
507
99
325
421
996
821
87
192
467
152
598
276
943
614
901
582
340
204
641
464
937
93
76
117
643
679
36
803
975
242
645
77
708
119
395
957
89
647
839
887
274
22
427
419
231
34
661
384
509
603
614
949
809
245
334
656
781
559
451
509
543
238
374
714
368
916
253
610
71
37
68
923
486
17
188
549
212
12
734
369
69
835
857
710
373
66
407
72
522
557
382
412
183
501
380
233
731
310
82
867
422
36
977
722
810
227
641
803
893
324
574
914
49
904
747
220
928
260
936
62
993
79
310
956
381
26
268
520
457
180
966
480
703
346
585
442
743
258
191
937
382
462
862
905
472
638
372
257
464
354
590
427
789
970
423
242
831
76
775
581
433
552
187
916
888
533
927
882
781
892
550
586
264
286
117
913
719
478
223
560
970
981
312
206
281
7
297
262
13
825
928
481
451
584
750
859
294
73
163
636
691
382
323
354
253
122
275
160
967
408
10
216
959
749
167
610
597
664
192
899
963
100
632
388
432
318
499
298
588
735
48
890
365
519
219
986
936
205
573
490
668
115
517
440
836
123
540
412
190
411
293
291
507
979
566
321
992
389
424
654
175
97
568
600
854
394
931
202
623
248
537
980
287
961
253
958
549
335
282
117
99
477
708
502
161
914
743
571
119
657
853
258
807
735
180
856
100
919
214
129
430
541
737
152
635
556
72
56
691
844
493
868
72
949
804
848
584
265
509
248
133
613
503
856
215
502
521
90
632
770
547
555
161
39
349
684
583
985
739
839
867
158
718
807
612
946
95
52
70
837
730
457
107
815
485
513
352
973
461
295
26
95
511
635
144
534
475
544
809
102
631
68
814
469
474
924
152
93
3
816
452
968
574
390
929
150
659
124
683
538
733
509
173
418
507
349
896
113
507
177
13
300
681
105
721
319
733
479
345
319
986
457
345
896
374
472
137
615
839
845
501
811
147
954
761
58
127
106
146
203
979
224
894
69
510
290
173
849
299
871
241
720
425
581
649
71
570
640
820
297
274
429
601
699
541
53
121
337
14
650
804
199
500
317
412
292
940
979
601
67
560
349
634
707
279
330
9
843
37
716
48
229
526
599
756
168
855
955
495
549
960
422
63
597
305
935
912
699
992
104
57
960
134
917
501
203
636
313
614
567
556
56
811
611
555
103
77
66
914
798
927
407
65
527
649
151
658
417
877
36
527
482
674
227
628
461
941
528
367
904
295
857
793
137
336
269
222
961
616
831
982
101
469
172
471
629
315
381
1000
246
11
601
907
852
269
19
737
325
368
499
770
224
95
136
783
597
491
366
29
656
822
704
666
155
411
49
236
777
716
52
338
170
357
415
249
393
389
515
270
571
484
215
920
38
407
748
40
509
879
215
432
35
421
826
902
405
25
146
640
105
363
559
529
955
172
925
147
830
171
961
988
474
256
748
816
756
757
714
811
473
307
303
600
111
987
788
688
561
873
124
210
760
545
370
56
217
633
516
451
695
306
285
365
845
922
767
438
211
465
856
962
273
429
33
706
391
377
812
486
293
471
371
886
247
691
396
348
945
901
359
173
138
951